$ANSIBLE_VAULT;1.1;AES256
38613861313930323830326336333034353830333636396133666530646661346365366335366465
6164626263363431613230666437306362663365643361370a393633356230333036613262643436
66343237633765356235313962316539383634356665353966373666343731343561353566666635
3463366131663435300a343763386637373134653561663633613266356435333631346130386330
61333133626434393336616464386466346666306434373164636161623165613131653664633863
33663934396365383661306164663536386631376238333830353833306561333539316339393336
38363833376535303335643938393863613934366163363935313233643536333239323133633961
66383133663566646230343439363763383666363636626166343064333434333439313935656136
30383065616161376261656263616266656462653738653330316463646564643166363764383966
65356634623839306132363637376161653266353830646433626665653563396339346364396533
39303933363735623263323734646462633831303033313238396465353731643264313834346665
35353464363636313633303431666565333362383465376139326164373364396232353365323837
30303536396533383266373738633134313335656131303431653662326165623862303133636133
33366439353534333631646536376639633031623834373034613131396432383630323430316664
32326166306632613834653830623163653765323630656633363430363661666233613630633134
66613530363262336538666230656266653537333434623865613437396637386137303938313732
64666662353031376462346132323434316432313366393138396566376430383836663234333764
66623630313239376633393439306239653134313138663465323537363438396363316431656235
32343437346136643038363539653366356335303131393439633430323730363239633363633436
66393761666462653961666437393965333630336437663035353966633062396534666337336566
63666565323037613335346563333564333132333332316336343539386131333634383736653863
61396261663735626131313938386238343165623631306637363633343937386135653733323331
66353733663066353131353663663862643832653137646330323066663663376133653732306530
38343935366634633064313532343333346266346261356461386333653039313665323864636562
34643566613134313361383738346636323537613630643563316262643030313033646437626661
61643765653133636466393463333263303431646565366664313032303564303363613338323338
36666439306239356564613237366165366662633732323934643663623062646138306236366131
31393965653130623563
